Enter the purchase price of your home: $100000.00
Enter the term of the loan in years: 10
Enter your down payment percentage: 5.0

Loan amount: $95,000.00
Loan type: 10-Year Fixed, 90.1-100% LTV at 6.550% APR
Monthly Payment = $1081.12
                           Amortization Table                           

Payment   Interest Payment   Principal Payment    Principal Balance      PMI   
   #            ($)                 ($)                  ($)             ($)   
==============================================================================
   0                                                 95,000.00
   1           518.54              562.58            94,437.42           69.27
   2           515.47              565.65            93,871.77           69.27
   3           512.38              568.74            93,303.03           69.27
   4           509.28              571.84            92,731.19           69.27
   5           506.16              574.96            92,156.23           69.27
   6           503.02              578.10            91,578.13           69.27
   7           499.86              581.26            90,996.87           69.27
   8           496.69              584.43            90,412.44           69.27
   9           493.50              587.62            89,824.82           69.27
  10           490.29              590.83            89,233.99           69.27
  11           487.07              594.05            88,639.94           69.27
  12           483.83              597.29            88,042.65           69.27
  13           480.57              600.55            87,442.10           69.27
  14           477.29              603.83            86,838.27           69.27
  15           473.99              607.13            86,231.14           69.27
  16           470.68              610.44            85,620.70           69.27
  17           467.35              613.77            85,006.93           69.27
  18           464.00              617.12            84,389.81           69.27
  19           460.63              620.49            83,769.32           69.27
  20           457.24              623.88            83,145.44           69.27
  21           453.84              627.28            82,518.16           69.27
  22           450.41              630.71            81,887.45           69.27
  23           446.97              634.15            81,253.30           69.27
  24           443.51              637.61            80,615.69           69.27
  25           440.03              641.09            79,974.60           69.27
  26           436.53              644.59            79,330.01            0.00
  27           433.01              648.11            78,681.90            0.00
  28           429.47              651.65            78,030.25            0.00
  29           425.92              655.20            77,375.05            0.00
  30           422.34              658.78            76,716.27            0.00
  31           418.74              662.38            76,053.89            0.00
  32           415.13              665.99            75,387.90            0.00
  33           411.49              669.63            74,718.27            0.00
  34           407.84              673.28            74,044.99            0.00
  35           404.16              676.96            73,368.03            0.00
  36           400.47              680.65            72,687.38            0.00
  37           396.75              684.37            72,003.01            0.00
  38           393.02              688.10            71,314.91            0.00
  39           389.26              691.86            70,623.05            0.00
  40           385.48              695.64            69,927.41            0.00
  41           381.69              699.43            69,227.98            0.00
  42           377.87              703.25            68,524.73            0.00
  43           374.03              707.09            67,817.64            0.00
  44           370.17              710.95            67,106.69            0.00
  45           366.29              714.83            66,391.86            0.00
  46           362.39              718.73            65,673.13            0.00
  47           358.47              722.65            64,950.48            0.00
  48           354.52              726.60            64,223.88            0.00
  49           350.56              730.56            63,493.32            0.00
  50           346.57              734.55            62,758.77            0.00
  51           342.56              738.56            62,020.21            0.00
  52           338.53              742.59            61,277.62            0.00
  53           334.47              746.65            60,530.97            0.00
  54           330.40              750.72            59,780.25            0.00
  55           326.30              754.82            59,025.43            0.00
  56           322.18              758.94            58,266.49            0.00
  57           318.04              763.08            57,503.41            0.00
  58           313.87              767.25            56,736.16            0.00
  59           309.68              771.44            55,964.72            0.00
  60           305.47              775.65            55,189.07            0.00
  61           301.24              779.88            54,409.19            0.00
  62           296.98              784.14            53,625.05            0.00
  63           292.70              788.42            52,836.63            0.00
  64           288.40              792.72            52,043.91            0.00
  65           284.07              797.05            51,246.86            0.00
  66           279.72              801.40            50,445.46            0.00
  67           275.35              805.77            49,639.69            0.00
  68           270.95              810.17            48,829.52            0.00
  69           266.53              814.59            48,014.93            0.00
  70           262.08              819.04            47,195.89            0.00
  71           257.61              823.51            46,372.38            0.00
  72           253.12              828.00            45,544.38            0.00
  73           248.60              832.52            44,711.86            0.00
  74           244.05              837.07            43,874.79            0.00
  75           239.48              841.64            43,033.15            0.00
  76           234.89              846.23            42,186.92            0.00
  77           230.27              850.85            41,336.07            0.00
  78           225.63              855.49            40,480.58            0.00
  79           220.96              860.16            39,620.42            0.00
  80           216.26              864.86            38,755.56            0.00
  81           211.54              869.58            37,885.98            0.00
  82           206.79              874.33            37,011.65            0.00
  83           202.02              879.10            36,132.55            0.00
  84           197.22              883.90            35,248.65            0.00
  85           192.40              888.72            34,359.93            0.00
  86           187.55              893.57            33,466.36            0.00
  87           182.67              898.45            32,567.91            0.00
  88           177.77              903.35            31,664.56            0.00
  89           172.84              908.28            30,756.28            0.00
  90           167.88              913.24            29,843.04            0.00
  91           162.89              918.23            28,924.81            0.00
  92           157.88              923.24            28,001.57            0.00
  93           152.84              928.28            27,073.29            0.00
  94           147.78              933.34            26,139.95            0.00
  95           142.68              938.44            25,201.51            0.00
  96           137.56              943.56            24,257.95            0.00
  97           132.41              948.71            23,309.24            0.00
  98           127.23              953.89            22,355.35            0.00
  99           122.02              959.10            21,396.25            0.00
 100           116.79              964.33            20,431.92            0.00
 101           111.52              969.60            19,462.32            0.00
 102           106.23              974.89            18,487.43            0.00
 103           100.91              980.21            17,507.22            0.00
 104            95.56              985.56            16,521.66            0.00
 105            90.18              990.94            15,530.72            0.00
 106            84.77              996.35            14,534.37            0.00
 107            79.33            1,001.79            13,532.58            0.00
 108            73.87            1,007.25            12,525.33            0.00
 109            68.37            1,012.75            11,512.58            0.00
 110            62.84            1,018.28            10,494.30            0.00
 111            57.28            1,023.84             9,470.46            0.00
 112            51.69            1,029.43             8,441.03            0.00
 113            46.07            1,035.05             7,405.98            0.00
 114            40.42            1,040.70             6,365.28            0.00
 115            34.74            1,046.38             5,318.90            0.00
 116            29.03            1,052.09             4,266.81            0.00
 117            23.29            1,057.83             3,208.98            0.00
 118            17.52            1,063.60             2,145.38            0.00
 119            11.71            1,069.41             1,075.97            0.00
 120             5.87            1,075.25                 0.72            0.00
==============================================================================

Mortgage Summary
Total interest paid: $                                               34,735.12
Total payment to principal: $                                        95,000.00
Total PMI paid: $                                                     1,731.75
Total payments: $                                                   131,466.87
